0 1.3834347256734456e-05
1 1.2148659273976782e-05
2 9.73285435134993e-06
3 1.1195757884204876e-05
4 -1.1835219188718456e-06
5 9.833762048865827e-08
6 -5.745142334116435e-07
7 2.236884400568388e-07
8 2.059216804057235e-06
9 7.175331365810248e-07
10 6.666612086912645e-07
11 6.851555181789629e-07
12 7.761535999524878e-07
13 3.760435373545799e-07
14 4.831022977926334e-07
15 2.893876169612528e-07
16 1.9846870635618524e-07
17 3.7767959318232616e-07
18 2.5810634134390415e-07
19 1.3730496250764505e-07
20 1.6247241379212e-05
21 1.3405691960116486e-05
22 4.505700958889962e-06
23 9.54091843457521e-06
24 3.4597717475190525e-06
25 5.537257845186371e-06
26 6.237572809077421e-06
27 2.2389469388555635e-06
28 2.6002120052136106e-06
29 2.5926529699440116e-06
30 1.7787759851901403e-06
31 1.3655120472036187e-06
32 6.681982706461895e-07
33 7.291242873870922e-07
34 8.474720151821995e-07
35 6.898244067698221e-07
36 4.881692086301575e-07
37 3.4944536278699727e-07
38 1.9833979905758712e-07
39 1.2315356638519e-07
40 1.0443938134296083e-05
41 2.286198374179752e-05
42 1.183024239817854e-05
43 5.6010886159151085e-06
44 8.103599148838655e-06
45 9.546410668878889e-06
46 5.582811646087775e-06
47 2.9005523670023335e-06
48 3.2712322682021807e-06
49 1.9182518577991947e-06
50 3.136868868511469e-06
51 1.4601619211558175e-06
52 1.9366915955458832e-06
53 1.0085160491287344e-06
54 9.270327528043314e-07
55 5.031613282197345e-07
56 6.381226772367571e-07
57 5.98743490939776e-07
58 2.3122662918402555e-07
59 2.385323889267151e-07
60 1.4105339139737573e-05
61 2.0451053322666555e-05
62 1.3776729011949676e-05
63 1.1842401874657092e-05
64 9.613248970504082e-06
65 5.73590916467056e-06
66 6.817657248892977e-06
67 5.399463017381477e-06
68 4.374080433650782e-06
69 2.637394662846232e-06
70 3.047232237548173e-06
71 2.8106787585739007e-06
72 2.163754447299118e-06
73 1.4029161278244888e-06
74 1.5819584169466002e-06
75 6.749388145937128e-07
76 7.244539735374945e-07
77 3.6760057403287885e-07
78 2.502487160406804e-07
79 2.0378210225775974e-07
80 2.873908650358056e-05
81 1.176871923117323e-05
82 1.164198369498193e-05
83 9.92892591599722e-06
84 4.175528053943304e-06
85 6.9767643332596215e-06
86 4.2338123393568634e-06
87 4.755069519089945e-06
88 5.65333164344137e-06
89 2.795615937179988e-06
90 2.8764177973786718e-06
91 1.133065457590617e-06
92 7.490235200547933e-07
93 1.0717112163822184e-06
94 1.1113600739825717e-06
95 7.204571402777423e-07
96 5.973142593848966e-07
97 4.029152100290352e-07
98 2.6431500224943723e-07
99 2.865481295656312e-07
100 2.8365600118152546e-05
101 2.3322391200498337e-05
102 2.029768474265935e-05
103 1.688454306075967e-05
104 1.371774075593754e-05
105 1.3279647388036096e-05
106 8.480797846230662e-06
107 6.449446262610679e-06
108 6.037013369562501e-06
109 4.407187008172028e-06
110 4.930666715337756e-06
111 2.8670286396773647e-06
112 2.6031583005278945e-06
113 1.8755221167393586e-06
114 1.3844091399350234e-06
115 1.4020587354680967e-06
116 1.1914246169706693e-06
117 8.589671671628311e-07
118 3.905822108559253e-07
119 1.1196885514129865e-07
120 4.1516632604150785e-05
121 2.424257200505601e-05
122 2.7010377085481408e-05
123 1.6694523005400022e-05
124 1.3733087322557546e-05
125 1.3674234712801422e-05
126 1.1636076722597639e-05
127 7.61002522635518e-06
128 5.139361215205894e-06
129 5.694370552008743e-06
130 4.766466738575249e-06
131 3.35626246127033e-06
132 3.248629808104254e-06
133 2.2298635496422634e-06
134 2.051342097446451e-06
135 1.3152870915013768e-06
136 9.963164492548275e-07
137 9.695356307565881e-07
138 3.769450182423762e-07
139 3.6364787037686116e-07
140 4.5911122743453125e-05
141 4.285816254218963e-05
142 3.4723503676916235e-05
143 2.9372263366221226e-05
144 1.9275161474455065e-05
145 1.8977557765894918e-05
146 1.8621666612665116e-05
147 1.417715306806744e-05
148 1.0846089518635042e-05
149 9.47583729396634e-06
150 5.583142619842638e-06
151 4.7699464809210966e-06
152 4.794263109781049e-06
153 3.954029329746943e-06
154 1.9472786757493385e-06
155 1.8108165900167786e-06
156 1.342630673879707e-06
157 8.472015049105365e-07
158 1.5811770666926194e-07
159 3.226528212035699e-07
160 5.342909955366991e-05
161 5.4862943307095655e-05
162 3.981540783083024e-05
163 3.330458548657031e-05
164 2.737244021515223e-05
165 2.2133369818435095e-05
166 1.9866927066856597e-05
167 1.747959733146224e-05
168 1.2307630287999851e-05
169 1.1990213309384945e-05
170 9.376267392481571e-06
171 6.601475543972748e-06
172 5.420784668575033e-06
173 4.174951189991821e-06
174 3.1812637444622434e-06
175 2.209931459130314e-06
176 1.453298879038441e-06
177 1.0726399503816942e-06
178 7.919429581845651e-07
179 4.5929037808363024e-07
180 7.521613710487737e-05
181 6.523065497570647e-05
182 5.514122016964912e-05
183 4.1086676402936285e-05
184 3.2161978143042385e-05
185 3.007723261368563e-05
186 1.783848206367956e-05
187 2.0547668073237354e-05
188 1.7127904021263305e-05
189 1.3425227876144713e-05
190 1.0942664680278871e-05
191 9.204284591155072e-06
192 6.560855966119e-06
193 6.3312299076069955e-06
194 3.385429467335194e-06
195 3.266327712921547e-06
196 1.9905153090057105e-06
197 1.198837550601316e-06
198 8.831207377359531e-07
199 3.78235553540409e-07
200 8.814054175017082e-06
201 6.223865579194913e-06
202 3.025753304169844e-06
203 2.3766515457899285e-06
204 4.929122938684902e-06
205 -3.159872564456249e-07
206 1.5597983095791003e-06
207 -9.054302235972286e-07
208 9.450741754778386e-07
209 1.421837615414232e-06
210 1.4032352572856257e-06
211 1.7888273981834044e-06
212 3.191231271507323e-07
213 2.129586326985939e-07
214 1.3095275180411267e-07
215 3.6817347749467106e-07
216 -1.2015852114485443e-07
217 1.1295809478768332e-07
218 1.8750908286546883e-07
219 1.1740947074021402e-07
220 3.116720943452573e-06
221 8.512117214315805e-06
222 -1.7942951690769911e-06
223 3.131188351090916e-06
224 2.3397064599706104e-06
225 6.033922496042553e-07
226 4.427972407770129e-06
227 3.978303644721198e-06
228 2.0182717825207446e-06
229 5.340804318034361e-07
230 1.907224105501613e-06
231 9.035524462391031e-07
232 9.993544417824428e-07
233 9.116184131929194e-07
234 7.116107115610581e-07
235 1.7544978077172938e-07
236 4.218880998502365e-07
237 3.2565619343328634e-07
238 2.1124300807890671e-07
239 2.6203896290737836e-07
240 -8.135224621011727e-08
241 5.096202966907973e-06
242 5.663589070875767e-06
243 4.3782579268126164e-06
244 4.34402121019162e-06
245 1.7181496442720198e-06
246 3.1844506222193324e-06
247 2.5253562334271773e-06
248 2.3677613284838755e-06
249 2.1123283616316307e-06
250 1.1708643266199191e-06
251 7.699762525208365e-07
252 8.331487059326658e-07
253 7.152078640974673e-07
254 7.716746365584127e-07
255 3.417254062600943e-07
256 9.037792970071842e-07
257 5.248226701669922e-07
258 2.2985716507402772e-07
259 2.793788447812522e-07
260 -4.773288676144464e-06
261 5.017590178064918e-06
262 9.277184756141463e-06
263 -1.9179559551833865e-06
264 3.4196902588602306e-06
265 4.945747829581293e-06
266 2.7370537416348307e-06
267 2.4055352841530366e-06
268 2.45329329677396e-06
269 1.96065356081246e-06
270 1.2650450980886524e-06
271 5.527754146156636e-07
272 8.693203262209993e-07
273 7.40202689542916e-07
274 3.832602553109114e-07
275 6.986900663165383e-07
276 3.055236363399494e-07
277 4.057319065900156e-07
278 3.3676795971938585e-07
279 2.6980348169592785e-07
280 5.350262838859331e-06
281 3.656383164372527e-08
282 6.744701321331482e-06
283 -2.0043760521403345e-06
284 2.306495195221902e-06
285 1.4858732790437808e-06
286 5.906813987510587e-06
287 5.0369762013507705e-06
288 3.5818252166325326e-06
289 2.8208148598560225e-06
290 7.747536030806049e-07
291 1.033099794621263e-06
292 1.9073173160292797e-06
293 1.418964859291795e-06
294 1.0804827734598916e-06
295 6.8543071362268e-07
296 5.602581955162595e-07
297 4.41664200261233e-07
298 5.553347124059027e-07
299 3.5227026303111863e-07
300 1.2504485241344792e-05
301 5.500929942589227e-06
302 9.891021642438712e-06
303 5.70912566429273e-06
304 4.859599336556088e-06
305 3.9181227150400945e-06
306 6.08527294202437e-06
307 3.6680486153730906e-06
308 3.0707423324235448e-06
309 3.6103198836819265e-06
310 2.2452545374806654e-06
311 2.6684175315135335e-06
312 1.2857636575323192e-06
313 1.958266208126433e-06
314 1.3812368406258295e-06
315 1.4375059870426318e-06
316 7.482776795789321e-07
317 6.665028261999805e-07
318 5.290977276004436e-07
319 4.7511254077798047e-07
320 9.654849270569979e-06
321 7.5156872843572225e-06
322 9.009141098026529e-06
323 9.679845083964379e-06
324 6.7479919096354405e-06
325 7.764776888543567e-06
326 4.398673080607068e-06
327 4.771286794712615e-06
328 5.010828174821468e-06
329 4.102868423264925e-06
330 3.390837926020122e-06
331 3.6216900700077425e-06
332 2.010586991349899e-06
333 1.5066470371872895e-06
334 1.7003428220854705e-06
335 1.7729265361700346e-06
336 5.690073121478583e-07
337 8.280200330324841e-07
338 6.770840716998865e-07
339 4.373545038277703e-07
340 -1.1912073014840802e-06
341 1.714569420924904e-05
342 1.3752260314181104e-05
343 1.001923476042779e-05
344 1.073016289973722e-05
345 8.933696486056683e-06
346 4.169799827684825e-06
347 4.906809360481499e-06
348 6.6035729523847765e-06
349 5.45191874492479e-06
350 3.2090331967509356e-06
351 4.367064651584939e-06
352 3.3542875970270343e-06
353 3.209644459765564e-06
354 1.6769826546397659e-06
355 1.242332896923271e-06
356 1.3437194272251801e-06
357 1.081401322356583e-06
358 9.825034703959553e-07
359 9.000699755545532e-07
360 1.8087715699068913e-05
361 1.136273138625818e-05
362 2.029755362922042e-05
363 1.0247001422721887e-05
364 1.362791456569794e-05
365 1.1056684239163327e-05
366 9.487902790462798e-06
367 7.260259897103635e-06
368 6.850274100562652e-06
369 5.277372047455671e-06
370 4.881241944803204e-06
371 4.528575471710579e-06
372 3.6913992333070867e-06
373 3.135202118095068e-06
374 2.3483309378799405e-06
375 1.8670298175861908e-06
376 1.6231337756192706e-06
377 1.6018852814863017e-06
378 1.4904272609058852e-06
379 1.1692112578158298e-06
380 2.263460798295824e-05
381 1.4349946203903496e-05
382 2.5304355702020796e-05
383 3.054451525759765e-05
384 1.1820978629395566e-05
385 1.8984124340472038e-05
386 1.3034668496441853e-05
387 1.1260124524012626e-05
388 1.0320715306576887e-05
389 5.9748488247176275e-06
390 6.1028390793091605e-06
391 5.103670154561572e-06
392 5.5444345164804075e-06
393 4.2327274773329794e-06
394 3.409852557740569e-06
395 2.509079409110797e-06
396 2.140046401044449e-06
397 2.128819717539041e-06
398 2.0818881562421046e-06
399 1.1472661183150098e-06
400 0.0005719311185871626
401 0.000448828752460262
402 0.0003686663503773118
403 0.0002935795004590074
404 0.0002612160766740329
405 0.00023430349724076597
406 0.00016773729678153164
407 0.00013339861252673667
408 0.00010767949108560471
409 8.418656689850939e-05
410 6.222951601670645e-05
411 5.4365913361974566e-05
412 4.4918211477585646e-05
413 3.3957624274833474e-05
414 3.496526180053679e-05
415 3.0413954407779016e-05
416 2.050177195916477e-05
417 1.6115424561073757e-05
418 1.7475193770543445e-05
419 1.598207882579472e-05
420 0.001110620524242772
421 0.0010079713942594355
422 0.0008332489153257633
423 0.0006845579076879695
424 0.0005264414604219896
425 0.00044644789847757217
426 0.0003406762650069896
427 0.0002529038213593242
428 0.00022071289200671946
429 0.0001936844488909729
430 0.0001666575269629971
431 0.00012161764035620765
432 0.00011008273106460526
433 9.01511684728987e-05
434 7.399231789207362e-05
435 5.51030260783947e-05
436 4.285079639552014e-05
437 3.362576897337707e-05
438 3.4670401683310615e-05
439 2.9627435872868038e-05
440 0.0017233598133624586
441 0.0014674131684290319
442 0.001130994213598791
443 0.0010009418090937139
444 0.0008355148700620195
445 0.0006463638039377358
446 0.0005275053976894413
447 0.0004359326381767526
448 0.00036743855455301564
449 0.0003014976126383213
450 0.00025005781113063855
451 0.00020890248444390883
452 0.00018310719271587923
453 0.00015542830893968532
454 0.00012770634517302954
455 0.00010851856497738732
456 8.704192524119966e-05
457 7.797020317775038e-05
458 6.24760983610295e-05
459 5.3045545676824775e-05
460 0.0019734582766529328
461 0.0015362985178545997
462 0.0013603513320044822
463 0.0011489310892433026
464 0.0008679209394786226
465 0.0007468691122748233
466 0.0006329245957065266
467 0.0005173312531328567
468 0.00040581715016354853
469 0.0003245257959066139
470 0.0002768386910983897
471 0.00024720472697799137
472 0.0002052443925668561
473 0.00016414761380840654
474 0.0001410813627865493
475 0.0001215923016034501
476 0.00010589032663915583
477 8.80228819724644e-05
478 6.89273247356631e-05
479 6.085683664670937e-05
480 0.00030253765716353547
481 0.00011858445027366838
482 0.0001631557744406101
483 0.0001597132604799709
484 0.00011799690288751543
485 0.00010388739450965697
486 8.977678675287544e-05
487 7.213046105264653e-05
488 5.09877065966536e-05
489 4.093357655240029e-05
490 3.678562475007634e-05
491 1.4383535586576687e-05
492 2.8712951694687438e-05
493 7.497825202420651e-06
494 1.2944208177175744e-05
495 1.5831036718743258e-05
496 1.3169051342933034e-05
497 7.879517328816136e-06
498 3.4912377446896418e-06
499 4.360023990235828e-06
500 0.0007544771116958531
501 0.0005781455901450984
502 0.0004408445785788521
503 0.0002786104096785755
504 0.0002651538179519904
505 0.00016411913277167587
506 0.00014234807136953042
507 0.0001536246853709527
508 0.00011495554243511448
509 8.500165073390423e-05
510 7.39498292403374e-05
511 6.888471719787409e-05
512 4.0727363763420344e-05
513 4.0542451461975015e-05
514 3.42465081383988e-05
515 2.123943633050181e-05
516 1.9605416859511668e-05
517 1.5108692362610376e-05
518 1.6470087489308807e-05
519 1.6379068129420647e-05
520 0.0014562428385669934
521 0.0012108838545782338
522 0.0009154507309368097
523 0.000724744832355909
524 0.0005867885153391301
525 0.00042670125318485343
526 0.0003676956620292167
527 0.00028379150444136605
528 0.00026875358869680587
529 0.00021212214886382952
530 0.00019429103990125252
531 0.00016293004650049756
532 0.00012893242698954827
533 0.00011800877765823323
534 9.862617595319674e-05
535 7.842211126707546e-05
536 6.157349074791984e-05
537 5.232917053559947e-05
538 4.3490953717173275e-05
539 2.9719727856907474e-05
540 0.0017421168034281072
541 0.001480006712772606
542 0.001168335574868997
543 0.0009756267190702084
544 0.0007393256250424668
545 0.0005799954526897295
546 0.0004819102714922341
547 0.00040919516941707797
548 0.00033607595430459224
549 0.0002780284894404678
550 0.00023454796789588292
551 0.00019398147849712706
552 0.0001735547662730931
553 0.0001364040902961979
554 0.00012167063077116294
555 0.0001015176401983627
556 8.862597483805594e-05
557 7.39051879996873e-05
558 5.9299922880083365e-05
559 4.771590274637935e-05
560 8.790350092822826e-05
561 0.0001822255160984998
562 4.9964178303547055e-05
563 4.151865027160326e-05
564 9.182498017321484e-05
565 2.0701476426168245e-05
566 3.413969648911723e-05
567 2.324070179749519e-05
568 3.7360908320250376e-05
569 2.994595862260486e-05
570 1.654246629815548e-05
571 2.0485977432788683e-05
572 1.4916839662579596e-05
573 1.0300998471169978e-05
574 9.79985055971706e-06
575 1.2184672646269902e-05
576 5.002401548581519e-06
577 5.576174240964635e-06
578 4.7362937861841365e-06
579 3.4576990249669684e-06
580 0.00021854319777383764
581 0.0002404970646943224
582 0.00021713859165275402
583 0.0001734532832027609
584 0.0001556191476013837
585 0.00010634803936840973
586 7.763179299462331e-05
587 9.617217338935344e-05
588 5.3554887056107336e-05
589 4.676600842379078e-05
590 5.4699211259085217e-05
591 5.4662301422033e-05
592 1.8662446095481506e-05
593 2.179169283741981e-05
594 2.7452617089484547e-05
595 2.437391878613724e-05
596 2.0553029321480697e-05
597 1.1766846510767772e-05
598 1.2897143882110479e-05
599 6.8485111522848914e-06
600 0.0008614281379978536
601 0.0006361784844749843
602 0.00039255524768868813
603 0.00036635529861677016
604 0.00030035882464605893
605 0.0002042990528344075
606 0.0001696860033659549
607 0.00013799012554524542
608 0.00012211678191031923
609 0.0001119393930681672
610 9.718116266697694e-05
611 8.526334457992162e-05
612 6.86700531330424e-05
613 4.940191240167529e-05
614 4.9479995225439276e-05
615 4.421587892985773e-05
616 3.111963825868437e-05
617 2.1187967941201548e-05
618 1.4800362705081993e-05
619 1.379847816613768e-05
620 0.001156624015659264
621 0.0010594957153623387
622 0.0007535172885774246
623 0.0006363096304436407
624 0.0004635436636127407
625 0.00038299637366622554
626 0.00034182523426431853
627 0.00030624034025022496
628 0.0002545869744715491
629 0.00021150530589315354
630 0.00018852065598913532
631 0.00017430524415316297
632 0.00014309665518862398
633 0.0001141145242600946
634 9.560609305969156e-05
635 8.248359404288928e-05
636 7.162797510568397e-05
637 5.0318014563428136e-05
638 3.73135287696099e-05
639 2.436684630848681e-05
640 6.760339196650855e-05
641 7.880438836782648e-05
642 4.8964954746714496e-05
643 2.3359277450586565e-05
644 7.709437328220082e-05
645 1.2553476515575794e-05
646 3.648687918319337e-05
647 7.4313612330376845e-06
648 9.798368957056498e-06
649 1.318645250404813e-05
650 9.743125145541978e-06
651 6.336970739401408e-06
652 2.60873281835235e-06
653 1.1291613033006256e-07
654 -1.8988261993502771e-06
655 -5.278269374343235e-07
656 -5.061078957557876e-06
657 3.5454185791991698e-06
658 3.161190106858172e-06
659 3.7647649562733573e-06
660 0.00014900800667016405
661 9.80191521756245e-05
662 4.022270404894147e-05
663 0.00012548847875099188
664 8.422848783246347e-05
665 5.868819642466555e-05
666 4.15546142702753e-05
667 5.120975791640348e-05
668 4.492093989730179e-05
669 3.125924274782593e-05
670 2.2979510672689707e-05
671 2.4855949813495885e-05
672 1.1921964796548576e-05
673 1.2390285934062602e-05
674 5.275602571067503e-06
675 6.964028236152684e-06
676 8.643924348215476e-06
677 6.821720446101555e-06
678 8.684053886259806e-06
679 7.95635959199609e-06
680 0.0002520646719738003
681 0.0002220552237434278
682 0.00018699540871809945
683 0.00015711905857629624
684 0.00011527733021630008
685 7.749683574714939e-05
686 6.610091343729798e-05
687 6.575027372869464e-05
688 6.010478100233676e-05
689 5.792235421822093e-05
690 4.107114193961306e-05
691 3.087392179518475e-05
692 3.683698640357685e-05
693 2.8853462315627536e-05
694 2.0945285681717327e-05
695 1.680442970863476e-05
696 6.512108037720464e-06
697 6.0486330917241e-06
698 8.679605557149627e-06
699 7.752315203291778e-06
700 0.0008682497882464396
701 0.0005189036068058644
702 0.0005274913198427793
703 0.00037664341567372343
704 0.0002907282585644212
705 0.00024045685426613274
706 0.00022746631220986577
707 0.0001898471810404671
708 0.00013944883714958565
709 0.00011846477427303071
710 0.00010789313961924857
711 9.572610000289415e-05
712 7.98149455649048e-05
713 7.84542342695249e-05
714 5.5873955642533055e-05
715 4.4343415890704733e-05
716 3.3322358211480705e-05
717 2.269747227082137e-05
718 1.656620386976797e-05
719 1.5069216445829236e-05
720 2.0944556934280237e-07
721 7.807739752160922e-05
722 5.849870331312478e-05
723 5.240125597703533e-05
724 3.569132599091415e-05
725 3.641007461662578e-05
726 2.1402356592591206e-05
727 6.046610050900258e-06
728 2.2961287170084474e-05
729 1.0332644106536033e-05
730 6.2406665867212044e-06
731 1.513111351018945e-05
732 7.611852819422708e-06
733 4.3362738006042667e-07
734 2.52722077924025e-06
735 2.2202210139548224e-06
736 -2.988908613268044e-08
737 -1.7046044116538486e-06
738 6.360207644421081e-07
739 9.124042845098808e-07
740 1.6137768008790073e-05
741 8.974209806980195e-05
742 8.604403286473102e-05
743 4.162600642542701e-05
744 6.022114195905101e-06
745 3.758987437306138e-05
746 3.507628209207324e-05
747 4.9834191375660874e-05
748 1.4094246379033943e-05
749 2.8522811254908424e-05
750 1.2244201160364355e-05
751 1.8864477572753883e-05
752 1.035752970244718e-05
753 6.122481670976789e-06
754 4.361296790761375e-06
755 3.2293620066688964e-06
756 -9.128701267933861e-07
757 -8.953421499059594e-07
758 3.975557119549107e-06
759 8.342669791233218e-07
760 9.833106467141572e-05
761 0.00010679437321689754
762 2.19703845797496e-05
763 5.760293726904502e-05
764 7.208397665179994e-05
765 1.4001606501802961e-05
766 2.5884934331237658e-05
767 1.4187914824691222e-05
768 2.074806520767601e-05
769 1.2307992717841635e-05
770 2.818462134419087e-05
771 4.106683017191039e-05
772 3.468875415074272e-05
773 1.8522781338546444e-05
774 2.1325078844067814e-05
775 1.2194718091099603e-05
776 5.792345892471804e-06
777 2.083270612596599e-06
778 4.251823258937196e-06
779 4.687481190632319e-06
780 0.00021448735993460797
781 0.0001580734385721911
782 0.00020031907169723836
783 0.00014278914711083072
784 8.821716359709965e-05
785 0.00012584166161466373
786 0.00011774529922776505
787 8.100273655007558e-05
788 6.355798449706906e-05
789 6.125675313189758e-05
790 5.790688765964205e-05
791 5.0034402786377455e-05
792 4.7027445633821865e-05
793 4.1010821433451216e-05
794 2.6126735131724104e-05
795 2.333876714855397e-05
796 1.1083247019386652e-05
797 1.1147497328489373e-05
798 5.386414765640424e-06
799 7.385381385084976e-06
800 3.94107098804136e-05
801 6.395983085202183e-05
802 4.5270693602288775e-05
803 5.356838866772366e-05
804 -2.0190420515203755e-05
805 1.1043826622104133e-05
806 -5.18622219706748e-06
807 2.187643987713392e-06
808 6.973592015126199e-06
809 6.55748480927576e-06
810 4.223569708041845e-06
811 8.619487889256112e-06
812 7.334786063266717e-06
813 4.1244058827443715e-06
814 1.823877159769539e-06
815 2.8087115911863037e-06
816 3.005158904466488e-06
817 1.3196273252177984e-06
818 -1.991190972903574e-06
819 -1.0240398545301992e-06
820 0.0001078827827028931
821 3.734717852243206e-05
822 3.9526818193105506e-05
823 -2.443155986596452e-05
824 6.3253529019057965e-06
825 5.153617361027416e-05
826 4.082765017003026e-05
827 -3.252931109259515e-07
828 2.111423346258589e-05
829 1.0258063122312657e-05
830 -3.6515444760529197e-06
831 5.7108943064075526e-06
832 2.6092492206472566e-06
833 -4.6787309659765546e-07
834 6.161757609956002e-06
835 -8.553973001434343e-07
836 -2.563584525236853e-06
837 -1.7503139543831596e-06
838 3.0672653504048463e-06
839 1.0158853512150576e-06
840 0.00014578828685766487
841 3.174317616789329e-05
842 2.3202022317318606e-05
843 2.4268310690726847e-05
844 4.206036554679955e-05
845 6.415277498992704e-05
846 -5.916960571201482e-06
847 -4.983443426251989e-06
848 3.1341577358819956e-06
849 1.1689534794472327e-05
850 8.043109790388399e-06
851 1.948361611041023e-05
852 1.9523213142734896e-05
853 1.875390234026457e-05
854 8.282366405004237e-06
855 2.5123945577277533e-06
856 4.8907055173062905e-06
857 1.2889411027687053e-06
858 1.6500829278523694e-06
859 4.525244674881462e-07
860 6.580176719974936e-05
861 3.300654605897484e-05
862 5.598388739465557e-05
863 0.0001142836832799567
864 8.4449514848769e-05
865 9.116363379924519e-05
866 4.462719562327438e-05
867 2.5978740259843184e-05
868 1.6368948201877875e-05
869 2.47224922913493e-05
870 2.4792101830347427e-05
871 3.0319998317297853e-05
872 3.200810744288745e-05
873 2.5263552321709912e-05
874 1.022391987311679e-05
875 1.1829478624797617e-05
876 1.0293979274848726e-05
877 3.1686084900391e-06
878 4.635780251196462e-06
879 2.8505363385106486e-06
880 0.17359702588815223
881 0.14157034062679602
882 0.11588403651903562
883 0.09453570469837361
884 0.07833325079078249
885 0.0647901677897667
886 0.054750514045808274
887 0.045850872751607
888 0.03897566510639675
889 0.03227517647306636
890 0.026539143300929217
891 0.021827314290433733
892 0.017473099044044316
893 0.013935981974712425
894 0.010468301234247803
895 0.007846511886614744
896 0.0059080121462364065
897 0.004020699366482214
898 0.0025755859398563876
899 0.001294127366950966
900 0.1371366316944871
901 0.11334430035226722
902 0.09447490607581588
903 0.07914497885809887
904 0.06739668989324507
905 0.05662494950810978
906 0.04821192485630429
907 0.04069596916100849
908 0.03379901830952331
909 0.027696660218741505
910 0.022911568614725344
911 0.01825870576140485
912 0.013837928342346952
913 0.010425728558284934
914 0.007975897302746053
915 0.005622531441135764
916 0.003983117279902427
917 0.002631783538733434
918 0.0013885825743890894
919 0.00046096891448359136
920 0.16010096184385614
921 0.1377336720373757
922 0.11603976518199854
923 0.10028627918605534
924 0.0847866319142881
925 0.07168880193108954
926 0.06167281291068968
927 0.05075262134693652
928 0.041999578094591185
929 0.03411468986966781
930 0.02680419125781486
931 0.02048736997028813
932 0.014760957511569495
933 0.010409334744061936
934 0.007109066435474258
935 0.0043618111411922065
936 0.0026583765221971163
937 0.00148054506820235
938 0.0004923287788404751
939 0.0002781730537645384
940 0.11765861382384295
941 0.09968465428582259
942 0.08603905755291276
943 0.07209117595639064
944 0.061259649800585465
945 0.05188134813871175
946 0.042790035229163165
947 0.035138489146542676
948 0.02766240123492305
949 0.021548579911056395
950 0.016221960339038315
951 0.012118396074262393
952 0.008330492516641324
953 0.005394591783559387
954 0.0032305691681772807
955 0.0019784095650348297
956 0.0009547549807670101
957 0.0005749262472966414
958 0.00037211747671215417
959 -7.784165750533025e-05
960 0.1033291354608417
961 0.09147119712823963
962 0.07748847956490867
963 0.06504993081625564
964 0.05545624323691079
965 0.047164377951077044
966 0.03852621200549239
967 0.03163327272479728
968 0.025387042856699144
969 0.02028219956512608
970 0.01515447508598234
971 0.010997808605311278
972 0.007890575991726281
973 0.005452207763708942
974 0.0033134598066019167
975 0.002216025648063456
976 0.0019073872420091258
977 0.0011433613371344558
978 0.0005336101511373522
979 -0.00010822310491696768
980 0.09207996641693852
981 0.07940109724549535
982 0.06814826034620516
983 0.05684407075462599
984 0.048990353722429256
985 0.04092880557224947
986 0.03342104939270494
987 0.02673862126085168
988 0.021583965021662762
989 0.01641317622209152
990 0.012783594904411296
991 0.009199682284794885
992 0.006596173483238961
993 0.004307428005938218
994 0.002599623493190634
995 0.001530054764472263
996 0.0009341925570589495
997 0.0008917545149729888
998 0.0006517680726025198
999 0.00017159628407193328
