0 1.3834347256734456e-05
1 1.2148659273976782e-05
2 9.73285435134993e-06
3 1.1195757884204876e-05
4 -1.1835219188718456e-06
5 9.833762048865827e-08
6 -5.745142334116435e-07
7 2.236884400568388e-07
8 2.059216804057235e-06
9 7.175331365810248e-07
10 6.666612086912645e-07
11 6.851555181789629e-07
12 7.761535999524878e-07
13 3.760435373545799e-07
14 4.831022977926334e-07
15 2.893876169612528e-07
16 1.9846870635618524e-07
17 3.7767959318232616e-07
18 2.5810634134390415e-07
19 1.3730496250764505e-07
20 1.6247241379212e-05
21 1.3405691960116486e-05
22 4.505700958889962e-06
23 9.54091843457521e-06
24 3.4597717475190525e-06
25 5.537257845186371e-06
26 6.237572809077421e-06
27 2.2389469388555635e-06
28 2.6002120052136106e-06
29 2.5926529699440116e-06
30 1.7787759851901403e-06
31 1.3655120472036187e-06
32 6.681982706461895e-07
33 7.291242873870922e-07
34 8.474720151821995e-07
35 6.898244067698221e-07
36 4.881692086301575e-07
37 3.4944536278699727e-07
38 1.9833979905758712e-07
39 1.2315356638519e-07
40 1.0443938134296083e-05
41 2.286198374179752e-05
42 1.183024239817854e-05
43 5.6010886159151085e-06
44 8.103599148838655e-06
45 9.546410668878889e-06
46 5.582811646087775e-06
47 2.9005523670023335e-06
48 3.2712322682021807e-06
49 1.9182518577991947e-06
50 3.136868868511469e-06
51 1.4601619211558175e-06
52 1.9366915955458832e-06
53 1.0085160491287344e-06
54 9.270327528043314e-07
55 5.031613282197345e-07
56 6.381226772367571e-07
57 5.98743490939776e-07
58 2.3122662918402555e-07
59 2.385323889267151e-07
60 1.4105339139737573e-05
61 2.0451053322666555e-05
62 1.3776729011949676e-05
63 1.1842401874657092e-05
64 9.613248970504082e-06
65 5.73590916467056e-06
66 6.817657248892977e-06
67 5.399463017381477e-06
68 4.374080433650782e-06
69 2.637394662846232e-06
70 3.047232237548173e-06
71 2.8106787585739007e-06
72 2.163754447299118e-06
73 1.4029161278244888e-06
74 1.5819584169466002e-06
75 6.749388145937128e-07
76 7.244539735374945e-07
77 3.6760057403287885e-07
78 2.502487160406804e-07
79 2.0378210225775974e-07
80 2.873908650358056e-05
81 1.176871923117323e-05
82 1.164198369498193e-05
83 9.92892591599722e-06
84 4.175528053943304e-06
85 6.9767643332596215e-06
86 4.2338123393568634e-06
87 4.755069519089945e-06
88 5.65333164344137e-06
89 2.795615937179988e-06
90 2.8764177973786718e-06
91 1.133065457590617e-06
92 7.490235200547933e-07
93 1.0717112163822184e-06
94 1.1113600739825717e-06
95 7.204571402777423e-07
96 5.973142593848966e-07
97 4.029152100290352e-07
98 2.6431500224943723e-07
99 2.865481295656312e-07
100 2.8365600118152546e-05
101 2.3322391200498337e-05
102 2.029768474265935e-05
103 1.688454306075967e-05
104 1.371774075593754e-05
105 1.3279647388036096e-05
106 8.480797846230662e-06
107 6.449446262610679e-06
108 6.037013369562501e-06
109 4.407187008172028e-06
110 4.930666715337756e-06
111 2.8670286396773647e-06
112 2.6031583005278945e-06
113 1.8755221167393586e-06
114 1.3844091399350234e-06
115 1.4020587354680967e-06
116 1.1914246169706693e-06
117 8.589671671628311e-07
118 3.905822108559253e-07
119 1.1196885514129865e-07
120 4.1516632604150785e-05
121 2.424257200505601e-05
122 2.7010377085481408e-05
123 1.6694523005400022e-05
124 1.3733087322557546e-05
125 1.3674234712801422e-05
126 1.1636076722597639e-05
127 7.61002522635518e-06
128 5.139361215205894e-06
129 5.694370552008743e-06
130 4.766466738575249e-06
131 3.35626246127033e-06
132 3.248629808104254e-06
133 2.2298635496422634e-06
134 2.051342097446451e-06
135 1.3152870915013768e-06
136 9.963164492548275e-07
137 9.695356307565881e-07
138 3.769450182423762e-07
139 3.6364787037686116e-07
140 4.5911122743453125e-05
141 4.285816254218963e-05
142 3.4723503676916235e-05
143 2.9372263366221226e-05
144 1.9275161474455065e-05
145 1.8977557765894918e-05
146 1.8621666612665116e-05
147 1.417715306806744e-05
148 1.0846089518635042e-05
149 9.47583729396634e-06
150 5.583142619842638e-06
151 4.7699464809210966e-06
152 4.794263109781049e-06
153 3.954029329746943e-06
154 1.9472786757493385e-06
155 1.8108165900167786e-06
156 1.342630673879707e-06
157 8.472015049105365e-07
158 1.5811770666926194e-07
159 3.226528212035699e-07
160 5.342909955366991e-05
161 5.4862943307095655e-05
162 3.981540783083024e-05
163 3.330458548657031e-05
164 2.737244021515223e-05
165 2.2133369818435095e-05
166 1.9866927066856597e-05
167 1.747959733146224e-05
168 1.2307630287999851e-05
169 1.1990213309384945e-05
170 9.376267392481571e-06
171 6.601475543972748e-06
172 5.420784668575033e-06
173 4.174951189991821e-06
174 3.1812637444622434e-06
175 2.209931459130314e-06
176 1.453298879038441e-06
177 1.0726399503816942e-06
178 7.919429581845651e-07
179 4.5929037808363024e-07
180 7.521613710487737e-05
181 6.523065497570647e-05
182 5.514122016964912e-05
183 4.1086676402936285e-05
184 3.2161978143042385e-05
185 3.007723261368563e-05
186 1.783848206367956e-05
187 2.0547668073237354e-05
188 1.7127904021263305e-05
189 1.3425227876144713e-05
190 1.0942664680278871e-05
191 9.204284591155072e-06
192 6.560855966119e-06
193 6.3312299076069955e-06
194 3.385429467335194e-06
195 3.266327712921547e-06
196 1.9905153090057105e-06
197 1.198837550601316e-06
198 8.831207377359531e-07
199 3.78235553540409e-07
200 8.814054175017082e-06
201 6.223865579194913e-06
202 3.025753304169844e-06
203 2.3766515457899285e-06
204 4.929122938684902e-06
205 -3.159872564456249e-07
206 1.5597983095791003e-06
207 -9.054302235972286e-07
208 9.450741754778386e-07
209 1.421837615414232e-06
210 1.4032352572856257e-06
211 1.7888273981834044e-06
212 3.191231271507323e-07
213 2.129586326985939e-07
214 1.3095275180411267e-07
215 3.6817347749467106e-07
216 -1.2015852114485443e-07
217 1.1295809478768332e-07
218 1.8750908286546883e-07
219 1.1740947074021402e-07
220 3.116720943452573e-06
221 8.512117214315805e-06
222 -1.7942951690769911e-06
223 3.131188351090916e-06
224 2.3397064599706104e-06
225 6.033922496042553e-07
226 4.427972407770129e-06
227 3.978303644721198e-06
228 2.0182717825207446e-06
229 5.340804318034361e-07
230 1.907224105501613e-06
231 9.035524462391031e-07
232 9.993544417824428e-07
233 9.116184131929194e-07
234 7.116107115610581e-07
235 1.7544978077172938e-07
236 4.218880998502365e-07
237 3.2565619343328634e-07
238 2.1124300807890671e-07
239 2.6203896290737836e-07
240 -8.135224621011727e-08
241 5.096202966907973e-06
242 5.663589070875767e-06
243 4.3782579268126164e-06
244 4.34402121019162e-06
245 1.7181496442720198e-06
246 3.1844506222193324e-06
247 2.5253562334271773e-06
248 2.3677613284838755e-06
249 2.1123283616316307e-06
250 1.1708643266199191e-06
251 7.699762525208365e-07
252 8.331487059326658e-07
253 7.152078640974673e-07
254 7.716746365584127e-07
255 3.417254062600943e-07
256 9.037792970071842e-07
257 5.248226701669922e-07
258 2.2985716507402772e-07
259 2.793788447812522e-07
260 -4.773288676144464e-06
261 5.017590178064918e-06
262 9.277184756141463e-06
263 -1.9179559551833865e-06
264 3.4196902588602306e-06
265 4.945747829581293e-06
266 2.7370537416348307e-06
267 2.4055352841530366e-06
268 2.45329329677396e-06
269 1.96065356081246e-06
270 1.2650450980886524e-06
271 5.527754146156636e-07
272 8.693203262209993e-07
273 7.40202689542916e-07
274 3.832602553109114e-07
275 6.986900663165383e-07
276 3.055236363399494e-07
277 4.057319065900156e-07
278 3.3676795971938585e-07
279 2.6980348169592785e-07
280 5.350262838859331e-06
281 3.656383164372527e-08
282 6.744701321331482e-06
283 -2.0043760521403345e-06
284 2.306495195221902e-06
285 1.4858732790437808e-06
286 5.906813987510587e-06
287 5.0369762013507705e-06
288 3.5818252166325326e-06
289 2.8208148598560225e-06
290 7.747536030806049e-07
291 1.033099794621263e-06
292 1.9073173160292797e-06
293 1.418964859291795e-06
294 1.0804827734598916e-06
295 6.8543071362268e-07
296 5.602581955162595e-07
297 4.41664200261233e-07
298 5.553347124059027e-07
299 3.5227026303111863e-07
300 1.2504485241344792e-05
301 5.500929942589227e-06
302 9.891021642438712e-06
303 5.70912566429273e-06
304 4.859599336556088e-06
305 3.9181227150400945e-06
306 6.08527294202437e-06
307 3.6680486153730906e-06
308 3.0707423324235448e-06
309 3.6103198836819265e-06
310 2.2452545374806654e-06
311 2.6684175315135335e-06
312 1.2857636575323192e-06
313 1.958266208126433e-06
314 1.3812368406258295e-06
315 1.4375059870426318e-06
316 7.482776795789321e-07
317 6.665028261999805e-07
318 5.290977276004436e-07
319 4.7511254077798047e-07
320 9.654849270569979e-06
321 7.5156872843572225e-06
322 9.009141098026529e-06
323 9.679845083964379e-06
324 6.7479919096354405e-06
325 7.764776888543567e-06
326 4.398673080607068e-06
327 4.771286794712615e-06
328 5.010828174821468e-06
329 4.102868423264925e-06
330 3.390837926020122e-06
331 3.6216900700077425e-06
332 2.010586991349899e-06
333 1.5066470371872895e-06
334 1.7003428220854705e-06
335 1.7729265361700346e-06
336 5.690073121478583e-07
337 8.280200330324841e-07
338 6.770840716998865e-07
339 4.373545038277703e-07
340 -1.1912073014840802e-06
341 1.714569420924904e-05
342 1.3752260314181104e-05
343 1.001923476042779e-05
344 1.073016289973722e-05
345 8.933696486056683e-06
346 4.169799827684825e-06
347 4.906809360481499e-06
348 6.6035729523847765e-06
349 5.45191874492479e-06
350 3.2090331967509356e-06
351 4.367064651584939e-06
352 3.3542875970270343e-06
353 3.209644459765564e-06
354 1.6769826546397659e-06
355 1.242332896923271e-06
356 1.3437194272251801e-06
357 1.081401322356583e-06
358 9.825034703959553e-07
359 9.000699755545532e-07
360 1.8087715699068913e-05
361 1.136273138625818e-05
362 2.029755362922042e-05
363 1.0247001422721887e-05
364 1.362791456569794e-05
365 1.1056684239163327e-05
366 9.487902790462798e-06
367 7.260259897103635e-06
368 6.850274100562652e-06
369 5.277372047455671e-06
370 4.881241944803204e-06
371 4.528575471710579e-06
372 3.6913992333070867e-06
373 3.135202118095068e-06
374 2.3483309378799405e-06
375 1.8670298175861908e-06
376 1.6231337756192706e-06
377 1.6018852814863017e-06
378 1.4904272609058852e-06
379 1.1692112578158298e-06
380 2.263460798295824e-05
381 1.4349946203903496e-05
382 2.5304355702020796e-05
383 3.054451525759765e-05
384 1.1820978629395566e-05
385 1.8984124340472038e-05
386 1.3034668496441853e-05
387 1.1260124524012626e-05
388 1.0320715306576887e-05
389 5.9748488247176275e-06
390 6.1028390793091605e-06
391 5.103670154561572e-06
392 5.5444345164804075e-06
393 4.2327274773329794e-06
394 3.409852557740569e-06
395 2.509079409110797e-06
396 2.140046401044449e-06
397 2.128819717539041e-06
398 2.0818881562421046e-06
399 1.1472661183150098e-06
400 0.0008654086099929051
401 0.0008213549201098412
402 0.0006346216727506641
403 0.0005152532653650128
404 0.00038955909990940534
405 0.0003364357059081854
406 0.0001890216631836516
407 0.00020609755396823937
408 0.00014842875544872255
409 0.00010401864285192774
410 9.055030444433787e-05
411 4.1352475369815424e-05
412 5.176588554398464e-05
413 3.886079309219818e-05
414 4.473334944422339e-05
415 3.5213496972523914e-05
416 2.665234734594069e-05
417 2.4685816867751967e-05
418 2.494561740127584e-05
419 2.0035496191699467e-05
420 0.0017899081997391575
421 0.0018461112020880298
422 0.0013047292832619299
423 0.0011251590734914466
424 0.0008082811512982342
425 0.0006796823194340787
426 0.0005283932544899233
427 0.00034475376872142267
428 0.0002917114396546483
429 0.00023899401016603609
430 0.00021033563412047534
431 0.0001494754652155387
432 0.00011924087616129176
433 0.00010908520609165789
434 8.993361805767076e-05
435 6.673123611992089e-05
436 5.15367396677166e-05
437 4.361267137660378e-05
438 4.478639422266731e-05
439 3.568902269764699e-05
440 0.0025972618525635072
441 0.0022647194549274287
442 0.0020293912816487904
443 0.0016343591627845109
444 0.001265216792162707
445 0.0009559428849027763
446 0.0007634551088837057
447 0.0006187929015284081
448 0.0004956713145654948
449 0.00039442357220488203
450 0.0003022793538741606
451 0.0002474272127832251
452 0.00021033888181520808
453 0.00017944084288249034
454 0.0001501920344557849
455 0.00013156294870678067
456 0.00010940691446271518
457 9.952169875872014e-05
458 7.312532011455014e-05
459 6.244514858621533e-05
460 0.0027808423653141517
461 0.0023009685633344607
462 0.0023501612449148
463 0.0018354464708356837
464 0.0012939985714404093
465 0.0011280693460095673
466 0.0008369311976487853
467 0.0006870509754906604
468 0.0005305647174939221
469 0.00038670496755075195
470 0.0003007765808368969
471 0.00029912025762445
472 0.00023005892337605305
473 0.0001956726022872042
474 0.00016083403218950602
475 0.00013941057865316872
476 0.00011055451384127858
477 9.686912454749823e-05
478 7.48590434271739e-05
479 6.976989038473243e-05
480 0.00033115420737008785
481 0.0001388708456174904
482 0.00014664579183259682
483 5.864173494014397e-05
484 7.705666104892446e-05
485 4.975891240333778e-05
486 6.911667448202201e-05
487 6.212232455684382e-05
488 5.9532557200868004e-05
489 2.4958861410177235e-05
490 1.9622740668372882e-05
491 5.76471640449648e-06
492 1.2022082617212014e-05
493 -5.394951216800133e-06
494 8.52368455911695e-06
495 8.863151750765792e-06
496 7.262246158221295e-06
497 2.222460802775551e-06
498 1.5323594584165162e-06
499 5.278297503848819e-06
500 0.0006901706086079928
501 0.0007109724488348898
502 0.00040562268702271716
503 0.00031317106789013915
504 0.00026644481927239213
505 0.00019492774640541348
506 0.00013562021111179643
507 0.00012463911156564727
508 0.0001093827060347453
509 5.711190703105621e-05
510 3.8297361767726625e-05
511 4.905011512058413e-05
512 2.4980382005970633e-05
513 2.6330573721179238e-05
514 1.7433035992084696e-05
515 1.081052226910659e-05
516 1.5099168322480168e-05
517 1.3761738522281159e-05
518 1.3461241446898833e-05
519 1.6617489952031248e-05
520 0.0016653967400118053
521 0.0013085301912017318
522 0.0011530073874157615
523 0.000964617757222259
524 0.000687686949009332
525 0.0004299311998621515
526 0.0003385272781191027
527 0.0003083523763647541
528 0.0002656917863696355
529 0.00020673561356657777
530 0.00018316474907142862
531 0.00014622485613783164
532 0.00013047246059463496
533 0.00011680207406466447
534 9.5561866818222e-05
535 7.255825969098424e-05
536 6.406211034171698e-05
537 5.98478037558884e-05
538 4.244659543659389e-05
539 2.8062084784762683e-05
540 0.002013850254236551
541 0.0020141981124339376
542 0.0014706408296525314
543 0.0011314179327159828
544 0.0007854990809220594
545 0.0006374743234887866
546 0.00046884414084210946
547 0.0004208053102041639
548 0.0003623078189870507
549 0.0002926347597554483
550 0.0002503970785215951
551 0.00018175990231501855
552 0.00017210043814974238
553 0.00013623613311724016
554 0.00011333399290612445
555 0.00010105192413697893
556 8.861159127794572e-05
557 7.276499893108108e-05
558 6.114834818426025e-05
559 5.106994385867562e-05
560 3.677900357379354e-05
561 9.239755782309211e-05
562 8.149794121591777e-05
563 7.173781761604246e-05
564 -1.10792018259535e-05
565 2.7462779278464616e-06
566 7.4961632612289385e-06
567 -2.619046274440234e-06
568 -6.656027257418946e-07
569 7.63681653576299e-06
570 -1.0731205646147429e-05
571 -1.0202392727371274e-05
572 1.6435569767392986e-05
573 6.912038146906456e-06
574 4.148376712750832e-06
575 8.582973687594708e-06
576 9.072001828208978e-06
577 5.67151937385374e-06
578 2.5035533985728977e-06
579 7.229216988836223e-07
580 0.00020230685205649467
581 0.00015372901546153618
582 9.158533304242141e-05
583 5.987867154648499e-05
584 0.00014463088225056167
585 3.573746139791675e-05
586 2.6651242508022228e-05
587 5.070011324607419e-05
588 3.789247972666143e-06
589 1.3997493360721732e-05
590 1.2471433864805727e-05
591 2.409337714119575e-05
592 4.906101933687889e-06
593 5.61426897649787e-06
594 1.2951018339544258e-05
595 1.268047124478504e-05
596 1.4760804876628606e-05
597 -3.794758399248338e-07
598 4.5070428954058224e-06
599 -4.500549003697913e-07
600 0.0007522926223603003
601 0.0006761418397588379
602 0.00044173936463489765
603 0.0003460879733676825
604 0.0002997507796577643
605 0.00018384954434371939
606 0.00016471851084234705
607 0.00013084395319499335
608 9.76896028150298e-05
609 0.0001088439025894592
610 8.267329569885954e-05
611 6.78400580316445e-05
612 6.201156098790127e-05
613 3.9662181801267746e-05
614 3.94950575565452e-05
615 3.755104045501729e-05
616 1.8091737196614365e-05
617 1.4540874405054148e-05
618 9.200193114432552e-06
619 9.281420925047333e-06
620 0.0013940629886173039
621 0.001195291811706448
622 0.0007797438059251519
623 0.0006141650467596363
624 0.0004985432982320618
625 0.00043019751533067825
626 0.0003445712345834373
627 0.000292199171782129
628 0.00022040191333048116
629 0.00018775500946436729
630 0.00017520795096618452
631 0.0001466701793779696
632 0.00011301173587767357
633 0.000104057872292143
634 8.636438848278026e-05
635 7.744535604734547e-05
636 5.985283364865839e-05
637 4.303373491361367e-05
638 2.9606588113953795e-05
639 2.0721552964758042e-05
640 3.799041213384111e-05
641 5.603385725012974e-05
642 -1.9812467241948758e-05
643 -0.00010374222187610176
644 -4.656426608514188e-05
645 -1.6580004269919095e-05
646 -9.373944623356764e-06
647 -1.5234941620699616e-05
648 -2.2337766564056257e-05
649 -2.359991302588054e-05
650 3.521299971707605e-06
651 -8.972056452576346e-06
652 -1.4318262549170571e-05
653 -7.5229595889400915e-06
654 -8.790678789381927e-06
655 -6.646632155441345e-06
656 -9.058792464197369e-06
657 5.410203849126348e-06
658 -3.536330163279281e-06
659 3.7277727682214813e-06
660 0.00011395469475667796
661 -0.00010658796400151608
662 1.0411031215344744e-05
663 3.767902034774785e-05
664 4.232674670501193e-05
665 8.071542591491512e-06
666 -1.642302470717758e-05
667 2.875991183725384e-05
668 3.350920029538211e-05
669 3.132784312731908e-05
670 2.299918167544574e-05
671 1.145214675484756e-05
672 2.8652292819657217e-06
673 -3.4077088711050013e-06
674 1.1135710313343945e-06
675 5.745881287734152e-06
676 7.791773552989322e-06
677 8.334238576021953e-06
678 1.1546746697878428e-05
679 8.25038689945084e-06
680 0.000309889302888582
681 0.0001513766183648477
682 0.000234423963499865
683 0.00018477418257092403
684 6.503388488579062e-05
685 4.5869074101135835e-05
686 4.39279529884258e-05
687 4.367421589057934e-05
688 3.536429685078718e-05
689 3.720222233575387e-05
690 2.4259557101967747e-05
691 2.1991946335546994e-05
692 2.310591613373453e-05
693 2.0478951574868723e-05
694 1.6546312860855604e-05
695 1.484191796615774e-05
696 3.4052423379756555e-06
697 4.6101116767017335e-06
698 8.489286655280865e-06
699 5.718904834737266e-06
700 0.0011689088961786562
701 0.000710833031295653
702 0.00074260145410773
703 0.0003945720590540217
704 0.00036230700224111173
705 0.0002465215872420593
706 0.00022904180824271194
707 0.00023826463068048407
708 0.000137512505132797
709 0.00012123151228680496
710 0.00011524927048514887
711 0.00013009208081678808
712 9.511900890877263e-05
713 8.862696987404433e-05
714 7.081053802064372e-05
715 5.0758442098461285e-05
716 2.902400588428697e-05
717 2.146016758779596e-05
718 1.7908233886139075e-05
719 1.1666701230785911e-05
720 -3.660495967279532e-05
721 0.00013205920380274323
722 -1.4030397573279481e-06
723 -3.097781012916084e-05
724 7.124526705731304e-05
725 -1.7237765255155703e-05
726 -3.634498584666486e-05
727 1.6744629297238076e-05
728 4.7222824089199805e-06
729 -1.2535289521159579e-05
730 4.08102650344249e-06
731 2.3400214375754615e-05
732 1.8439921844421718e-05
733 1.4762131646621268e-06
734 -1.1660810032224538e-05
735 -3.5227263158037682e-06
736 -7.62893373033888e-06
737 -5.647813738104688e-06
738 -1.2629645329075226e-06
739 -2.2628417177490224e-07
740 -2.9290054730233555e-05
741 0.00014992802240230513
742 -6.0388507326978637e-05
743 0.00010802118944264738
744 -6.007715094301647e-06
745 -4.613683613121126e-05
746 -2.9708084392638905e-05
747 3.99536921345579e-05
748 1.0357676447120378e-06
749 5.346836372116882e-06
750 1.9065254283213285e-05
751 1.1204304539591692e-05
752 -1.1353415233350845e-06
753 -2.3292502217222527e-06
754 -2.4961266174175356e-06
755 -3.5826453200411204e-06
756 -1.120010547117439e-06
757 -1.1736123811368106e-06
758 3.0531826584977003e-06
759 -8.218404102565108e-07
760 -3.80230464306425e-05
761 -7.272216123749756e-05
762 6.69655062163029e-05
763 1.4464482055489214e-05
764 -3.5399735724752484e-06
765 -2.990963222185121e-05
766 -5.555474779593923e-05
767 5.574494853977511e-06
768 -7.980373455101782e-06
769 1.485502264705523e-05
770 1.1114404477511072e-06
771 2.757933422936219e-05
772 2.3090816754911365e-05
773 1.668342131501913e-06
774 6.8427730079952484e-06
775 5.555736109155257e-06
776 -7.123615000229505e-06
777 -4.358835876288778e-06
778 -1.6962718694159716e-06
779 -7.668446319504555e-07
780 0.0006892899158259916
781 0.0002565568943304912
782 0.00039060243544059015
783 0.000242325190033543
784 0.00017982199271570444
785 0.00013895932865682503
786 9.599733711358979e-05
787 9.807666088945476e-05
788 2.113994864840346e-05
789 4.4278756366547775e-05
790 5.406292752201577e-05
791 4.0492765189943924e-05
792 4.792026641326675e-05
793 4.9317548012995364e-05
794 2.498714687445491e-05
795 2.034302514357315e-05
796 7.921761288904796e-06
797 7.3309420637994545e-06
798 -3.833296749617797e-07
799 5.784865181258502e-06
800 0.4398540974492968
801 0.3329154906176811
802 0.2663608447399137
803 0.19832500770547357
804 0.16611472789364237
805 0.13193967666520234
806 0.11260004796141154
807 0.09445660854860696
808 0.08163153645750862
809 0.06748441527266304
810 0.056676526114813566
811 0.04719567158780325
812 0.03690518899057134
813 0.030050377011356752
814 0.023657970182899033
815 0.016992550154609688
816 0.013118978725239018
817 0.00949499149451997
818 0.006089634132896772
819 0.00377650148227063
820 0.2979631210988121
821 0.24025036182369452
822 0.19253834615616086
823 0.15916625235255594
824 0.13254622506533956
825 0.11251324054519593
826 0.09563723687045224
827 0.07955417523213475
828 0.06690476949484726
829 0.05531581231625261
830 0.04379535988368101
831 0.03534135095894262
832 0.027382649930501105
833 0.01977556877779664
834 0.015250597500970077
835 0.011248360584149918
836 0.007819329434115587
837 0.004730797486319795
838 0.002622358859942038
839 0.00035833728530575626
840 0.2083273112995403
841 0.17375893439029572
842 0.14217768465395383
843 0.11901259160849208
844 0.10203513432925297
845 0.08397782928927278
846 0.07147116037063626
847 0.05900183014823088
848 0.04998228231434295
849 0.040199015041551954
850 0.03143627064433412
851 0.024276823656079864
852 0.01760189192279694
853 0.012841657889597279
854 0.008418191123712273
855 0.00520962757828577
856 0.003140598276625703
857 0.0016961096034469698
858 0.0007701769482055504
859 0.0006157749019678009
860 0.22666484038876758
861 0.18726076835908553
862 0.165923122780479
863 0.13336638319239535
864 0.11135669697210336
865 0.09622282814899934
866 0.07648816632407854
867 0.06450074285481831
868 0.04928352706255371
869 0.03837003700840831
870 0.028482389145258927
871 0.020553268958584222
872 0.014000687337924232
873 0.00924256644182693
874 0.005664555162168849
875 0.0037225714492821393
876 0.0018845974111261756
877 0.0008091245763406505
878 0.0006166464491673794
879 2.0376152685981906e-05
880 0.21633426849494744
881 0.1850956754437437
882 0.1534478236857311
883 0.132665414547559
884 0.1079251389201414
885 0.0906921423885628
886 0.07323612815107482
887 0.06181740077818305
888 0.04848372689760361
889 0.037948383936916304
890 0.028461138592085513
891 0.02060062816371425
892 0.01605863416818827
893 0.010166254721587158
894 0.006465113781886771
895 0.004027170584817442
896 0.003141611441190829
897 0.0020674371926736896
898 0.0010440293207732883
899 0.00024012448809586218
